%% WECC 179 Bus Data - Sam Chevalier
%   - all non-source generators are 2nd order (classical)
%   - the source generator is 6th order with simple AVR => *Changed to 4th*
%   - the parameters are pulled from Slava's test cases

% Define Globals
global PQ Syn Exc pqi xnode
%xnode=1;
% Bus Data
Bus.con = [ ...
   2   500.00  0.97947 -0.45809  1  0;
   3   345.00  0.97744 -0.29684  1  0;
   4    20.00  1.04000 -0.34406  1  0;
   5   345.00  0.97518  0.28479  1  0;
   6    22.00  0.95000  0.41215  1  0;
   7   500.00  1.06814 -0.13835  1  0;
   8   345.00  1.00914 -0.08206  1  0;
   9    22.00  1.00000  0.03899  1  0;
  10   230.00  1.00726 -0.09157  1  0;
  11    20.00  1.00000  0.59024  1  0;
  12   500.00  1.07205 -0.41889  2  0;
  13    26.00  1.00000 -0.31173  2  0;
  14   500.00  1.06735 -0.43499  2  0;
  15    24.00  0.96000 -0.38002  2  0;
  16   500.00  1.04856 -0.51874  2  0;
  17   345.00  1.03559 -0.06783  1  0;
  18    22.00  1.00000 -0.01556  1  0;
  19   500.00  1.05593 -0.51787  2  0;
  20   500.00  1.07024 -0.39991  2  0;
  21   500.00  1.06042 -0.45419  2  0;
  22   500.00  1.04692 -0.38714  2  0;
  23   500.00  1.02564 -0.55056  2  0;
  24   500.00  1.05571 -0.40937  2  0;
  25   500.00  1.04116 -0.54399  2  0;
  26   500.00  1.05131 -0.27215  2  0;
  27   500.00  1.04672 -0.74197  2  0;
  28   500.00  1.06584 -0.10117  1  0;
  29   500.00  1.06933 -0.48972  1  0;
  30    20.00  1.00000  0.43288  1  0;
  31   500.00  1.03634  0.36654  1  0;
  32   500.00  1.07861  0.86160  1  0;
  33   230.00  0.97855  0.94190  1  0;
  34   230.00  1.00113  1.10025  1  0;
  35    20.00  1.02000  1.18637  1  0;
  36    22.00  1.00900  0.04306  1  0;
  37   500.00  1.06031 -0.73775  2  0;
  38   500.00  1.08090 -0.80898  2  0;
  39   230.00  1.03195 -0.82761  2  0;
  40    18.00  1.02000 -0.80468  2  0;
  41   230.00  1.02337 -0.89117  2  0;
  42   230.00  1.03129 -0.88644  2  0;
  43    18.00  1.00000 -0.82863  2  0;
  44   345.00  1.05257 -0.07643  1  0;
  45    26.00  1.05000  0.00489  1  0;
  46   230.00  1.03475 -0.83354  2  0;
  47    11.50  1.02000 -0.82722  2  0;
  48   230.00  1.03402 -0.83721  2  0;
  49   500.00  1.07212 -0.79595  2  0;
  50   230.00  1.02362 -0.90730  2  0;
  51   138.00  1.03256 -0.90828  2  0;
  52   287.00  1.03663 -0.88757  2  0;
  53   287.00  1.03663 -0.88757  2  0;
  54   230.00  1.02728 -0.91193  2  0;
  55   230.00  1.02516 -0.87602  2  0;
  56   500.00  1.04304 -0.83414  2  0;
  57   230.00  1.02484 -0.90791  2  0;
  58   230.00  1.02394 -0.89557  2  0;
  59   230.00  1.03112 -0.85601  2  0;
  60   230.00  1.03832 -0.82513  2  0;
  61   230.00  1.02073 -0.84450  2  0;
  62   230.00  1.02930 -0.85806  2  0;
  63   287.00  1.05209 -0.77865  2  0;
  64   500.00  1.05865 -0.74334  2  0;
  65    20.00  1.00000  0.99038  1  0;
  66   500.00  1.04928  0.84351  1  0;
  67   115.00  1.06863 -0.29633  1  0;
  68   230.00  1.06591 -0.25498  1  0;
  69   500.00  1.08919 -0.23293  1  0;
  70    13.80  1.05500 -0.13896  1  0;
  71   230.00  1.06158 -0.26384  1  0;
  72   500.00  1.08964 -0.23482  1  0;
  73   500.00  1.07839 -0.02381  1  0;
  74   500.00  1.07000  0.00286  1  0;
  75   500.00  1.03705 -0.21279  1  0;
  76   500.00  1.08283 -0.19466  1  0;
  77    13.80  1.00000  0.00000  1  0;
  78   500.00  1.04946  0.00393  1  0;
  79    20.00  1.00000  0.46525  1  0;
  80   500.00  1.04993  0.21187  1  0;
  81   500.00  1.05295 -0.34216  1  0;
  82   500.00  1.06740 -0.30010  1  0;
  83   500.00  1.05433 -0.40856  1  0;
  84   500.00  1.06194 -0.09098  1  0;
  85   345.00  0.99845 -0.02751  1  0;
  86   500.00  1.05818 -0.31912  1  0;
  87   500.00  1.06532 -0.32810  1  0;
  88   500.00  1.07143 -0.28028  1  0;
  89   500.00  1.05061 -0.24743  1  0;
  90   500.00  1.06088 -0.34662  1  0;
  91   500.00  1.07997 -0.38144  1  0;
  92   500.00  1.06943 -0.30145  1  0;
  93   500.00  1.06860 -0.39287  1  0;
  94   500.00  1.07170 -0.31258  1  0;
  95   500.00  1.07926 -0.38600  1  0;
  96   500.00  1.06916 -0.30145  1  0;
  97   500.00  1.06760 -0.39806  1  0;
  98   500.00  1.07104 -0.31316  1  0;
  99   500.00  0.97283  0.14075  1  0;
 100   200.00  1.13096 -0.61207  3  0;
 101   200.00  1.13613 -0.53356  3  0;
 102   500.00  1.05297 -0.80723  2  0;
 103    25.00  0.98000 -0.74069  2  0;
 104   500.00  1.04707 -0.83446  2  0;
 105   200.00  1.14090 -0.59850  3  0;
 106   200.00  1.14015 -0.60523  3  0;
 107   500.00  1.04926 -0.86675  2  0;
 108   500.00  1.05934 -0.85062  2  0;
 109   200.00  1.16705 -0.90028  2  0;
 110   500.00  1.04639 -0.87139  2  0;
 111   500.00  1.03727 -0.54372  3  0;
 112    20.00  1.02000 -0.26390  3  0;
 113   200.00  1.12385 -0.43997  3  0;
 114   500.00  1.03453 -0.48882  3  0;
 115   500.00  1.01341 -0.56124  3  0;
 116    20.00  1.05000 -0.62451  3  0;
 117   200.00  1.12743 -0.69360  3  0;
 118    20.00  1.00000 -0.53870  3  0;
 119   500.00  0.99815 -0.68241  3  0;
 120   500.00  1.05025 -0.42165  3  0;
 121   500.00  1.01142 -0.66554  3  0;
 122   500.00  1.02785 -0.53883  3  0;
 123   500.00  0.98098 -0.81551  3  0;
 124   500.00  1.04054 -0.38549  3  0;
 125   500.00  1.01078 -0.63255  3  0;
 126   500.00  1.04054 -0.38549  3  0;
 127   500.00  1.01078 -0.63255  3  0;
 128   500.00  1.01257 -0.45163  3  0;
 129   500.00  0.99882 -0.79348  3  0;
 130   500.00  1.01754 -0.47807  3  0;
 131   500.00  0.99876 -0.72490  3  0;
 132   500.00  0.97999 -0.64650  2  0;
 133   500.00  1.07047 -0.90480  2  0;
 134   500.00  0.97141 -0.61355  2  0;
 135   500.00  1.06807 -0.87489  2  0;
 136   500.00  1.03539 -0.76165  2  0;
 137   230.00  1.01009 -0.92333  2  0;
 138    20.00  1.02000 -0.45456  2  0;
 139   500.00  1.05122 -0.57919  2  0;
 140    20.00  1.02000 -0.86846  2  0;
 141   230.00  1.01186 -0.97608  2  0;
 142   500.00  1.05498 -0.80659  2  0;
 143   230.00  1.00705 -0.96357  2  0;
 144    20.00  1.05000 -0.79525  2  0;
 145   500.00  1.04087 -0.86941  2  0;
 146   230.00  1.03821 -0.87721  2  0;
 147   500.00  1.06999 -0.51384  2  0;
 148    22.00  1.05000 -0.36823  2  0;
 149    20.00  1.01000 -0.69302  2  0;
 150   230.00  1.00600 -0.90446  2  0;
 151   500.00  1.04128 -0.87638  2  0;
 152   500.00  1.03694 -0.83584  2  0;
 153   500.00  1.06118 -0.85657  2  0;
 154   230.00  0.99489 -0.90360  2  0;
 155   345.00  1.04288 -0.04231  1  0;
 156   345.00  1.04464 -0.05940  1  0;
 157   230.00  1.04624 -0.06930  1  0;
 158   345.00  1.03705  0.08554  1  0;
 159    20.00  1.05000  0.16806  1  0;
 160   345.00  1.05596 -0.03515  1  0;
 161   230.00  1.04453  0.01073  1  0;
 162    20.00  1.00000  0.05972  1  0;
 163   345.00  1.03679 -0.04275  1  0;
 164   345.00  1.04044 -0.02458  1  0;
 165   345.00  1.03514 -0.01914  1  0;
 166   345.00  1.05190 -0.00957  1  0;
 167   345.00  1.03911 -0.05989  1  0;
 168   500.00  1.06105 -0.34597  3  0;
 169   500.00  1.02556 -0.55421  3  0;
 170   500.00  1.06179 -0.33276  3  0;
 171   500.00  1.02702 -0.55472  3  0;
 172   500.00  1.05696 -0.30521  3  0;
 173   500.00  1.03194 -0.65014  3  0;
 174   500.00  1.04651 -0.84420  2  0;
 175   500.00  1.05458 -0.86291  2  0;
 176   500.00  1.04624 -0.84411  2  0;
 177   500.00  1.05470 -0.86294  2  0;
 178   500.00  1.04598 -0.84389  2  0;
 179   500.00  1.05705 -0.86252  2  0;
 180   500.00  0.98436 -0.11702  1  0;
   ];

% Swing Bus
SW.con = [ ...
  77 10400.00  13.80  1.00000 0.00  0.25471 -0.17788 1.1 0.9  0.49760 1];

% Generator Bus Data
